1 DHA_Golf_Club 24.771733 67.099857 
2 Dolmen_Mall_Tariq_Road 24.87660617804 67.0626819133
3 Kolachi 24.7570421378 67.095866203 
4 Espresso 24.8016949516 67.03029155731
5 BAR_BQ_Tonight 24.81577712551 67.0216012001
6 Gloria_Jeans 24.8614622 67.0099387999 
7 The_Forum 24.8785663 67.0640988000 
8 Ginsoy_Extreme 24.8614622 67.0099387999 
9 Sattar_Buksh 24.8666081 67.0646173000 
10 Southend_Club 24.7941877 67.0544453 
11 Ocean_Tower 24.8239128 67.03584750000005
12 Fast_Nuces_Karachi 24.856970 67.264303